# refraction=1, step 0, P1_vac_2d_spot_abl geometry
# x/d_e   column-integrated P_abs [W/m]
-1.5975000e+02  1.6429511e-16
-1.5925000e+02  1.5919268e-19
-1.5875000e+02  3.6498801e-16
-1.5825000e+02  5.3958111e-16
-1.5775000e+02  8.0224699e-16
-1.5725000e+02  1.1911548e-15
-1.5675000e+02  1.6994774e-15
-1.5625000e+02  2.6526759e-15
-1.5575000e+02  3.8799725e-15
-1.5525000e+02  5.6616672e-15
-1.5475000e+02  8.3669276e-15
-1.5425000e+02  1.2311817e-14
-1.5375000e+02  1.8340843e-14
-1.5325000e+02  2.6295741e-14
-1.5275000e+02  3.8775920e-14
-1.5225000e+02  5.7108717e-14
-1.5175000e+02  8.2697275e-14
-1.5125000e+02  1.2167726e-13
-1.5075000e+02  1.7766473e-13
-1.5025000e+02  2.5912983e-13
-1.4975000e+02  3.6154547e-13
-1.4925000e+02  5.6069627e-13
-1.4875000e+02  7.9444489e-13
-1.4825000e+02  1.1097938e-12
-1.4775000e+02  1.7751221e-12
-1.4725000e+02  2.3380982e-12
-1.4675000e+02  3.4621854e-12
-1.4625000e+02  5.0617072e-12
-1.4575000e+02  7.1949173e-12
-1.4525000e+02  1.0395174e-11
-1.4475000e+02  1.6571676e-11
-1.4425000e+02  1.9800858e-11
-1.4375000e+02  3.0801105e-11
-1.4325000e+02  4.3907944e-11
-1.4275000e+02  6.2978257e-11
-1.4225000e+02  8.9708519e-11
-1.4175000e+02  1.2554850e-10
-1.4125000e+02  1.8476653e-10
-1.4075000e+02  2.6085297e-10
-1.4025000e+02  3.6776598e-10
-1.3975000e+02  4.7194658e-10
-1.3925000e+02  8.1818568e-10
-1.3875000e+02  1.0244290e-09
-1.3825000e+02  1.4801606e-09
-1.3775000e+02  2.1656006e-09
-1.3725000e+02  2.8891334e-09
-1.3675000e+02  4.1632760e-09
-1.3625000e+02  5.7164032e-09
-1.3575000e+02  8.6774749e-09
-1.3525000e+02  1.1229692e-08
-1.3475000e+02  1.6119382e-08
-1.3425000e+02  2.2704172e-08
-1.3375000e+02  3.5830740e-08
-1.3325000e+02  4.0033047e-08
-1.3275000e+02  6.1971621e-08
-1.3225000e+02  8.6295584e-08
-1.3175000e+02  1.1853972e-07
-1.3125000e+02  1.5918971e-07
-1.3075000e+02  2.3648410e-07
-1.3025000e+02  3.1916709e-07
-1.2975000e+02  4.4133467e-07
-1.2925000e+02  5.7540182e-07
-1.2875000e+02  8.7437263e-07
-1.2825000e+02  1.1711420e-06
-1.2775000e+02  1.5920323e-06
-1.2725000e+02  2.1247966e-06
-1.2675000e+02  3.1017522e-06
-1.2625000e+02  4.2210880e-06
-1.2575000e+02  5.5997535e-06
-1.2525000e+02  7.7744339e-06
-1.2475000e+02  1.0280712e-05
-1.2425000e+02  1.4833047e-05
-1.2375000e+02  1.9592040e-05
-1.2325000e+02  2.7037541e-05
-1.2275000e+02  3.6722636e-05
-1.2225000e+02  4.9758293e-05
-1.2175000e+02  6.8001250e-05
-1.2125000e+02  9.0942664e-05
-1.2075000e+02  1.2147764e-04
-1.2025000e+02  1.6968041e-04
-1.1975000e+02  2.2854887e-04
-1.1925000e+02  3.0148117e-04
-1.1875000e+02  4.1185779e-04
-1.1825000e+02  5.4916214e-04
-1.1775000e+02  7.3941269e-04
-1.1725000e+02  9.9389616e-04
-1.1675000e+02  1.3199122e-03
-1.1625000e+02  1.8061261e-03
-1.1575000e+02  2.3685338e-03
-1.1525000e+02  3.2370178e-03
-1.1475000e+02  4.1681385e-03
-1.1425000e+02  5.6378611e-03
-1.1375000e+02  7.6467248e-03
-1.1325000e+02  9.8036221e-03
-1.1275000e+02  1.2992151e-02
-1.1225000e+02  1.7850956e-02
-1.1175000e+02  2.2999275e-02
-1.1125000e+02  3.0587186e-02
-1.1075000e+02  4.1937103e-02
-1.1025000e+02  5.1595083e-02
-1.0975000e+02  6.9738146e-02
-1.0925000e+02  9.2480235e-02
-1.0875000e+02  1.2097392e-01
-1.0825000e+02  1.5080678e-01
-1.0775000e+02  2.1552092e-01
-1.0725000e+02  2.7458369e-01
-1.0675000e+02  3.5301793e-01
-1.0625000e+02  4.2080494e-01
-1.0575000e+02  6.6657860e-01
-1.0525000e+02  7.6750152e-01
-1.0475000e+02  1.0223693e+00
-1.0425000e+02  1.3040700e+00
-1.0375000e+02  1.7435206e+00
-1.0325000e+02  2.2484781e+00
-1.0275000e+02  2.8747160e+00
-1.0225000e+02  3.6028631e+00
-1.0175000e+02  4.9617993e+00
-1.0125000e+02  6.1853174e+00
-1.0075000e+02  7.9539256e+00
-1.0025000e+02  1.0295511e+01
-9.9750000e+01  1.3162626e+01
-9.9250000e+01  1.7012263e+01
-9.8750000e+01  2.2141313e+01
-9.8250000e+01  2.7141120e+01
-9.7750000e+01  3.5223509e+01
-9.7250000e+01  4.5330064e+01
-9.6750000e+01  5.7766132e+01
-9.6250000e+01  7.3094420e+01
-9.5750000e+01  9.3515651e+01
-9.5250000e+01  1.1783432e+02
-9.4750000e+01  1.4994735e+02
-9.4250000e+01  1.8907467e+02
-9.3750000e+01  2.4113240e+02
-9.3250000e+01  3.0360771e+02
-9.2750000e+01  3.8330992e+02
-9.2250000e+01  4.8278258e+02
-9.1750000e+01  6.1702221e+02
-9.1250000e+01  7.5283573e+02
-9.0750000e+01  9.0031472e+02
-9.0250000e+01  1.2613565e+03
-8.9750000e+01  1.5034816e+03
-8.9250000e+01  1.8399815e+03
-8.8750000e+01  2.4191911e+03
-8.8250000e+01  2.9082253e+03
-8.7750000e+01  3.6559804e+03
-8.7250000e+01  4.5263827e+03
-8.6750000e+01  5.6777451e+03
-8.6250000e+01  7.0206266e+03
-8.5750000e+01  8.6745382e+03
-8.5250000e+01  1.0890421e+04
-8.4750000e+01  1.3292905e+04
-8.4250000e+01  1.7324338e+04
-8.3750000e+01  1.9411974e+04
-8.3250000e+01  2.4922736e+04
-8.2750000e+01  3.1112950e+04
-8.2250000e+01  3.7650978e+04
-8.1750000e+01  4.6466580e+04
-8.1250000e+01  5.6069666e+04
-8.0750000e+01  7.0560117e+04
-8.0250000e+01  8.5397075e+04
-7.9750000e+01  1.0328219e+05
-7.9250000e+01  1.2807301e+05
-7.8750000e+01  1.5487315e+05
-7.8250000e+01  1.8851915e+05
-7.7750000e+01  2.2858892e+05
-7.7250000e+01  2.8101766e+05
-7.6750000e+01  3.8047948e+05
-7.6250000e+01  3.6179049e+05
-7.5750000e+01  4.9115941e+05
-7.5250000e+01  6.0220180e+05
-7.4750000e+01  7.1713183e+05
-7.4250000e+01  8.6349132e+05
-7.3750000e+01  1.0380614e+06
-7.3250000e+01  1.2479250e+06
-7.2750000e+01  1.5105671e+06
-7.2250000e+01  1.8014187e+06
-7.1750000e+01  2.1562704e+06
-7.1250000e+01  2.5788540e+06
-7.0750000e+01  2.9218906e+06
-7.0250000e+01  4.3980732e+06
-6.9750000e+01  3.8086374e+06
-6.9250000e+01  5.2065471e+06
-6.8750000e+01  6.1851959e+06
-6.8250000e+01  7.3023922e+06
-6.7750000e+01  8.6648820e+06
-6.7250000e+01  1.1016402e+07
-6.6750000e+01  1.1541687e+07
-6.6250000e+01  1.4196800e+07
-6.5750000e+01  1.7053289e+07
-6.5250000e+01  2.0061409e+07
-6.4750000e+01  2.2705129e+07
-6.4250000e+01  2.8409195e+07
-6.3750000e+01  3.2431618e+07
-6.3250000e+01  3.6861875e+07
-6.2750000e+01  4.5604765e+07
-6.2250000e+01  5.1967140e+07
-6.1750000e+01  6.0753958e+07
-6.1250000e+01  7.0766647e+07
-6.0750000e+01  7.9756802e+07
-6.0250000e+01  9.8428756e+07
-5.9750000e+01  1.1137946e+08
-5.9250000e+01  1.2842298e+08
-5.8750000e+01  1.5101673e+08
-5.8250000e+01  1.7323130e+08
-5.7750000e+01  2.1774808e+08
-5.7250000e+01  2.1599272e+08
-5.6750000e+01  2.6567990e+08
-5.6250000e+01  2.8057420e+08
-5.5750000e+01  3.8427584e+08
-5.5250000e+01  4.0275502e+08
-5.4750000e+01  4.6720138e+08
-5.4250000e+01  5.4218223e+08
-5.3750000e+01  6.0422397e+08
-5.3250000e+01  7.3215880e+08
-5.2750000e+01  7.6375203e+08
-5.2250000e+01  8.5475123e+08
-5.1750000e+01  1.0943038e+09
-5.1250000e+01  1.1820057e+09
-5.0750000e+01  1.3334331e+09
-5.0250000e+01  1.5346383e+09
-4.9750000e+01  1.7092396e+09
-4.9250000e+01  1.9741949e+09
-4.8750000e+01  2.1750987e+09
-4.8250000e+01  2.4852147e+09
-4.7750000e+01  2.7947734e+09
-4.7250000e+01  3.1768453e+09
-4.6750000e+01  3.5452984e+09
-4.6250000e+01  3.9814477e+09
-4.5750000e+01  4.4722595e+09
-4.5250000e+01  4.9208814e+09
-4.4750000e+01  6.1170943e+09
-4.4250000e+01  5.8645759e+09
-4.3750000e+01  7.1518182e+09
-4.3250000e+01  8.8503209e+09
-4.2750000e+01  7.4809526e+09
-4.2250000e+01  9.3874885e+09
-4.1750000e+01  1.1218765e+10
-4.1250000e+01  1.1695980e+10
-4.0750000e+01  1.3215415e+10
-4.0250000e+01  1.4571831e+10
-3.9750000e+01  1.6134134e+10
-3.9250000e+01  1.7365462e+10
-3.8750000e+01  2.1029119e+10
-3.8250000e+01  2.0651116e+10
-3.7750000e+01  2.3783076e+10
-3.7250000e+01  2.2327513e+10
-3.6750000e+01  3.7820645e+10
-3.6250000e+01  2.5940401e+10
-3.5750000e+01  3.4321273e+10
-3.5250000e+01  3.7784493e+10
-3.4750000e+01  4.0656980e+10
-3.4250000e+01  4.4621340e+10
-3.3750000e+01  4.8414072e+10
-3.3250000e+01  5.3010005e+10
-3.2750000e+01  5.7150575e+10
-3.2250000e+01  6.2616833e+10
-3.1750000e+01  6.7238561e+10
-3.1250000e+01  7.3267987e+10
-3.0750000e+01  7.8771258e+10
-3.0250000e+01  8.4759323e+10
-2.9750000e+01  9.1726484e+10
-2.9250000e+01  9.6866287e+10
-2.8750000e+01  1.1212678e+11
-2.8250000e+01  1.0971419e+11
-2.7750000e+01  1.2221185e+11
-2.7250000e+01  1.3084413e+11
-2.6750000e+01  1.3791381e+11
-2.6250000e+01  1.5527332e+11
-2.5750000e+01  1.5631217e+11
-2.5250000e+01  1.7042342e+11
-2.4750000e+01  1.8145547e+11
-2.4250000e+01  1.9211358e+11
-2.3750000e+01  2.0462364e+11
-2.3250000e+01  2.1685789e+11
-2.2750000e+01  2.2475309e+11
-2.2250000e+01  2.4834440e+11
-2.1750000e+01  2.5781300e+11
-2.1250000e+01  2.6967191e+11
-2.0750000e+01  2.8557678e+11
-2.0250000e+01  2.9947884e+11
-1.9750000e+01  3.1775539e+11
-1.9250000e+01  3.3341012e+11
-1.8750000e+01  3.4572136e+11
-1.8250000e+01  3.6437090e+11
-1.7750000e+01  3.7909436e+11
-1.7250000e+01  4.0529241e+11
-1.6750000e+01  4.1097129e+11
-1.6250000e+01  4.3257726e+11
-1.5750000e+01  4.5100939e+11
-1.5250000e+01  4.6907927e+11
-1.4750000e+01  4.8801528e+11
-1.4250000e+01  5.0209972e+11
-1.3750000e+01  5.2328828e+11
-1.3250000e+01  5.3911151e+11
-1.2750000e+01  5.5878163e+11
-1.2250000e+01  5.7502833e+11
-1.1750000e+01  5.9153448e+11
-1.1250000e+01  6.1100036e+11
-1.0750000e+01  6.1055675e+11
-1.0250000e+01  6.6253369e+11
-9.7500000e+00  6.4589183e+11
-9.2500000e+00  6.9171729e+11
-8.7500000e+00  6.8333768e+11
-8.2500000e+00  7.1341235e+11
-7.7500000e+00  7.1531352e+11
-7.2500000e+00  7.4261565e+11
-6.7500000e+00  7.4521502e+11
-6.2500000e+00  7.6522626e+11
-5.7500000e+00  8.0877047e+11
-5.2500000e+00  7.4208462e+11
-4.7500000e+00  7.8819289e+11
-4.2500000e+00  7.6935682e+11
-3.7500000e+00  9.6169344e+11
-3.2500000e+00  6.9884120e+11
-2.7500000e+00  8.9675228e+11
-2.2500000e+00  7.5433464e+11
-1.7500000e+00  8.2998897e+11
-1.2500000e+00  7.9823696e+11
-7.5000000e-01  9.8226252e+11
-2.5000000e-01  7.2900393e+11
 2.5000000e-01  8.3770279e+11
 7.5000000e-01  8.3087245e+11
 1.2500000e+00  8.4022388e+11
 1.7500000e+00  8.2145680e+11
 2.2500000e+00  8.3744185e+11
 2.7500000e+00  8.0186531e+11
 3.2500000e+00  8.3522662e+11
 3.7500000e+00  7.3611045e+11
 4.2500000e+00  9.1383314e+11
 4.7500000e+00  7.5375529e+11
 5.2500000e+00  7.7831580e+11
 5.7500000e+00  7.7426098e+11
 6.2500000e+00  7.7838645e+11
 6.7500000e+00  7.3063365e+11
 7.2500000e+00  7.0918690e+11
 7.7500000e+00  7.9274215e+11
 8.2500000e+00  6.5986644e+11
 8.7500000e+00  6.6896839e+11
 9.2500000e+00  6.9823341e+11
 9.7500000e+00  6.5966368e+11
 1.0250000e+01  6.4788249e+11
 1.0750000e+01  6.3019423e+11
 1.1250000e+01  6.0751674e+11
 1.1750000e+01  5.9107616e+11
 1.2250000e+01  5.8835163e+11
 1.2750000e+01  5.4915645e+11
 1.3250000e+01  5.3898661e+11
 1.3750000e+01  5.2225128e+11
 1.4250000e+01  5.0324157e+11
 1.4750000e+01  4.9486949e+11
 1.5250000e+01  4.6115192e+11
 1.5750000e+01  4.8750095e+11
 1.6250000e+01  3.9665006e+11
 1.6750000e+01  4.1741603e+11
 1.7250000e+01  3.9590798e+11
 1.7750000e+01  3.8201687e+11
 1.8250000e+01  3.7161084e+11
 1.8750000e+01  3.3987775e+11
 1.9250000e+01  3.3141820e+11
 1.9750000e+01  3.1705445e+11
 2.0250000e+01  3.0004096e+11
 2.0750000e+01  2.8635295e+11
 2.1250000e+01  2.7110119e+11
 2.1750000e+01  2.5578700e+11
 2.2250000e+01  2.2547880e+11
 2.2750000e+01  2.4622886e+11
 2.3250000e+01  2.1688988e+11
 2.3750000e+01  2.0650981e+11
 2.4250000e+01  1.9179351e+11
 2.4750000e+01  1.7802290e+11
 2.5250000e+01  1.7807698e+11
 2.5750000e+01  1.5497347e+11
 2.6250000e+01  1.4918532e+11
 2.6750000e+01  1.4048462e+11
 2.7250000e+01  1.2483015e+11
 2.7750000e+01  1.2831016e+11
 2.8250000e+01  1.1399594e+11
 2.8750000e+01  1.0609636e+11
 2.9250000e+01  9.8713196e+10
 2.9750000e+01  8.9191303e+10
 3.0250000e+01  8.7502577e+10
 3.0750000e+01  7.8847510e+10
 3.1250000e+01  7.2649856e+10
 3.1750000e+01  6.7721299e+10
 3.2250000e+01  6.3008240e+10
 3.2750000e+01  5.6726669e+10
 3.3250000e+01  5.2662240e+10
 3.3750000e+01  4.8657206e+10
 3.4250000e+01  4.5098797e+10
 3.4750000e+01  4.0408945e+10
 3.5250000e+01  3.7653778e+10
 3.5750000e+01  3.4152446e+10
 3.6250000e+01  3.1426078e+10
 3.6750000e+01  2.8573277e+10
 3.7250000e+01  2.5378034e+10
 3.7750000e+01  2.4404344e+10
 3.8250000e+01  2.1682009e+10
 3.8750000e+01  1.9642993e+10
 3.9250000e+01  1.7294912e+10
 3.9750000e+01  1.6620994e+10
 4.0250000e+01  1.4252661e+10
 4.0750000e+01  1.3612761e+10
 4.1250000e+01  1.1860449e+10
 4.1750000e+01  1.0727087e+10
 4.2250000e+01  9.5603991e+09
 4.2750000e+01  9.4977647e+09
 4.3250000e+01  7.0962744e+09
 4.3750000e+01  7.1012979e+09
 4.4250000e+01  6.1685347e+09
 4.4750000e+01  5.2132743e+09
 4.5250000e+01  5.4158747e+09
 4.5750000e+01  4.4677504e+09
 4.6250000e+01  3.9879190e+09
 4.6750000e+01  3.4929856e+09
 4.7250000e+01  3.2210577e+09
 4.7750000e+01  2.9363665e+09
 4.8250000e+01  2.3514581e+09
 4.8750000e+01  2.2578651e+09
 4.9250000e+01  1.8878678e+09
 4.9750000e+01  1.7163302e+09
 5.0250000e+01  1.5303831e+09
 5.0750000e+01  1.3332163e+09
 5.1250000e+01  1.1579818e+09
 5.1750000e+01  1.0917611e+09
 5.2250000e+01  8.7562679e+08
 5.2750000e+01  7.9633270e+08
 5.3250000e+01  7.0173605e+08
 5.3750000e+01  6.1697698e+08
 5.4250000e+01  5.2812158e+08
 5.4750000e+01  4.6577883e+08
 5.5250000e+01  4.0731781e+08
 5.5750000e+01  3.5329882e+08
 5.6250000e+01  3.0567172e+08
 5.6750000e+01  2.7071138e+08
 5.7250000e+01  2.2966429e+08
 5.7750000e+01  1.9963937e+08
 5.8250000e+01  1.7505386e+08
 5.8750000e+01  1.4922302e+08
 5.9250000e+01  1.2929219e+08
 5.9750000e+01  1.1101643e+08
 6.0250000e+01  8.7111508e+07
 6.0750000e+01  9.1581502e+07
 6.1250000e+01  7.0868520e+07
 6.1750000e+01  6.0778848e+07
 6.2250000e+01  5.1988880e+07
 6.2750000e+01  4.4115756e+07
 6.3250000e+01  3.8534771e+07
 6.3750000e+01  3.2359839e+07
 6.4250000e+01  2.7481200e+07
 6.4750000e+01  2.3504274e+07
 6.5250000e+01  1.9503527e+07
 6.5750000e+01  1.7519780e+07
 6.6250000e+01  1.4306474e+07
 6.6750000e+01  1.2177789e+07
 6.7250000e+01  1.0333032e+07
 6.7750000e+01  9.6055049e+06
 6.8250000e+01  6.4081593e+06
 6.8750000e+01  6.1859058e+06
 6.9250000e+01  5.1611067e+06
 6.9750000e+01  4.4968903e+06
 7.0250000e+01  3.5959657e+06
 7.0750000e+01  3.0799126e+06
 7.1250000e+01  2.5752123e+06
 7.1750000e+01  2.1596990e+06
 7.2250000e+01  1.8091435e+06
 7.2750000e+01  1.4955840e+06
 7.3250000e+01  1.2520901e+06
 7.3750000e+01  1.0338903e+06
 7.4250000e+01  8.7251092e+05
 7.4750000e+01  7.2396543e+05
 7.5250000e+01  5.9188813e+05
 7.5750000e+01  4.9321620e+05
 7.6250000e+01  4.0821487e+05
 7.6750000e+01  3.3586192e+05
 7.7250000e+01  2.7897883e+05
 7.7750000e+01  2.2993133e+05
 7.8250000e+01  1.8955462e+05
 7.8750000e+01  1.5295521e+05
 7.9250000e+01  1.2687142e+05
 7.9750000e+01  1.0048211e+05
 8.0250000e+01  8.9421905e+04
 8.0750000e+01  7.0497906e+04
 8.1250000e+01  5.6081153e+04
 8.1750000e+01  4.8930396e+04
 8.2250000e+01  3.5425711e+04
 8.2750000e+01  3.0769276e+04
 8.3250000e+01  2.5018386e+04
 8.3750000e+01  2.0189652e+04
 8.4250000e+01  1.7103047e+04
 8.4750000e+01  1.2835284e+04
 8.5250000e+01  1.0788723e+04
 8.5750000e+01  8.5755681e+03
 8.6250000e+01  7.1315789e+03
 8.6750000e+01  5.6511855e+03
 8.7250000e+01  4.3839756e+03
 8.7750000e+01  3.8280594e+03
 8.8250000e+01  2.9716128e+03
 8.8750000e+01  2.3103652e+03
 8.9250000e+01  1.8828158e+03
 8.9750000e+01  1.5050953e+03
 9.0250000e+01  1.1803924e+03
 9.0750000e+01  9.7970825e+02
 9.1250000e+01  7.6262867e+02
 9.1750000e+01  6.0936763e+02
 9.2250000e+01  4.8150943e+02
 9.2750000e+01  3.8281263e+02
 9.3250000e+01  3.0347739e+02
 9.3750000e+01  2.4003040e+02
 9.4250000e+01  1.8922816e+02
 9.4750000e+01  1.5081965e+02
 9.5250000e+01  1.2284306e+02
 9.5750000e+01  8.8521075e+01
 9.6250000e+01  7.3160799e+01
 9.6750000e+01  5.8536252e+01
 9.7250000e+01  4.4312392e+01
 9.7750000e+01  3.5392567e+01
 9.8250000e+01  2.7703912e+01
 9.8750000e+01  2.1711844e+01
 9.9250000e+01  1.6853071e+01
 9.9750000e+01  1.3183127e+01
 1.0025000e+02  9.9700902e+00
 1.0075000e+02  8.3582242e+00
 1.0125000e+02  6.1294443e+00
 1.0175000e+02  4.8152272e+00
 1.0225000e+02  3.7351949e+00
 1.0275000e+02  2.8835526e+00
 1.0325000e+02  2.2403073e+00
 1.0375000e+02  1.7143708e+00
 1.0425000e+02  1.3286825e+00
 1.0475000e+02  1.0232050e+00
 1.0525000e+02  7.8069117e-01
 1.0575000e+02  6.1028483e-01
 1.0625000e+02  4.6379437e-01
 1.0675000e+02  3.5709736e-01
 1.0725000e+02  2.7009220e-01
 1.0775000e+02  2.0870330e-01
 1.0825000e+02  1.5781088e-01
 1.0875000e+02  1.2096764e-01
 1.0925000e+02  8.1303209e-02
 1.0975000e+02  8.2020884e-02
 1.1025000e+02  5.1888971e-02
 1.1075000e+02  4.0427709e-02
 1.1125000e+02  3.0708532e-02
 1.1175000e+02  2.1397444e-02
 1.1225000e+02  1.9776901e-02
 1.1275000e+02  1.2687820e-02
 1.1325000e+02  1.0104681e-02
 1.1375000e+02  7.3325502e-03
 1.1425000e+02  5.6596943e-03
 1.1475000e+02  4.2102167e-03
 1.1525000e+02  3.1860831e-03
 1.1575000e+02  2.3693867e-03
 1.1625000e+02  1.7882055e-03
 1.1675000e+02  1.3326144e-03
 1.1725000e+02  9.8187661e-04
 1.1775000e+02  7.4003631e-04
 1.1825000e+02  5.4792026e-04
 1.1875000e+02  4.1506701e-04
 1.1925000e+02  3.0267030e-04
 1.1975000e+02  2.2732535e-04
 1.2025000e+02  1.6572003e-04
 1.2075000e+02  1.2375118e-04
 1.2125000e+02  8.6155505e-05
 1.2175000e+02  7.2557575e-05
 1.2225000e+02  5.0203997e-05
 1.2275000e+02  3.6417612e-05
 1.2325000e+02  2.6803748e-05
 1.2375000e+02  1.9907854e-05
 1.2425000e+02  1.4499370e-05
 1.2475000e+02  1.0626689e-05
 1.2525000e+02  7.7729361e-06
 1.2575000e+02  5.6774595e-06
 1.2625000e+02  4.1487932e-06
 1.2675000e+02  3.0079058e-06
 1.2725000e+02  2.2218589e-06
 1.2775000e+02  1.5989072e-06
 1.2825000e+02  1.1533359e-06
 1.2875000e+02  8.4938113e-07
 1.2925000e+02  6.0331178e-07
 1.2975000e+02  4.4104842e-07
 1.3025000e+02  3.1884827e-07
 1.3075000e+02  2.2892573e-07
 1.3125000e+02  1.6688411e-07
 1.3175000e+02  1.1893853e-07
 1.3225000e+02  8.6439393e-08
 1.3275000e+02  6.1312661e-08
 1.3325000e+02  4.4650989e-08
 1.3375000e+02  3.1504226e-08
 1.3425000e+02  2.2641814e-08
 1.3475000e+02  1.6156393e-08
 1.3525000e+02  1.1571118e-08
 1.3575000e+02  8.2476539e-09
 1.3625000e+02  5.8250127e-09
 1.3675000e+02  4.1595807e-09
 1.3725000e+02  2.9578452e-09
 1.3775000e+02  2.0961689e-09
 1.3825000e+02  1.4834941e-09
 1.3875000e+02  1.0403963e-09
 1.3925000e+02  7.4534294e-10
 1.3975000e+02  5.2984321e-10
 1.4025000e+02  3.6778324e-10
 1.4075000e+02  2.6140336e-10
 1.4125000e+02  1.8055558e-10
 1.4175000e+02  1.2927579e-10
 1.4225000e+02  8.8841506e-11
 1.4275000e+02  6.6565671e-11
 1.4325000e+02  4.0047435e-11
 1.4375000e+02  3.0729630e-11
 1.4425000e+02  2.1430344e-11
 1.4475000e+02  1.4866758e-11
 1.4525000e+02  9.5775893e-12
 1.4575000e+02  8.0135375e-12
 1.4625000e+02  5.1418100e-12
 1.4675000e+02  3.4522073e-12
 1.4725000e+02  2.3968099e-12
 1.4775000e+02  1.6899156e-12
 1.4825000e+02  1.1363753e-12
 1.4875000e+02  7.9117304e-13
 1.4925000e+02  5.4907260e-13
 1.4975000e+02  3.7665955e-13
 1.5025000e+02  2.5911876e-13
 1.5075000e+02  1.7755220e-13
 1.5125000e+02  1.2127988e-13
 1.5175000e+02  8.6468753e-14
 1.5225000e+02  5.4128133e-14
 1.5275000e+02  3.9038569e-14
 1.5325000e+02  2.6423924e-14
 1.5375000e+02  1.7552897e-14
 1.5425000e+02  1.2896648e-14
 1.5475000e+02  8.3175808e-15
 1.5525000e+02  5.6820269e-15
 1.5575000e+02  3.8392944e-15
 1.5625000e+02  2.5763549e-15
 1.5675000e+02  1.7909770e-15
 1.5725000e+02  1.1851544e-15
 1.5775000e+02  8.0831141e-16
 1.5825000e+02  5.4042435e-16
 1.5875000e+02  3.6463794e-16
 1.5925000e+02  4.4227682e-20
 1.5975000e+02  1.6429450e-16
